0.0, 4526.0, 0.0, 0.0, 0.0, 10.0, 0.0, 0.0, 0.0, 0.0, 0.0, 0.0, 0.0, 0.0, 
1.0, 4871.0, 0.0, 0.0, 0.0, 0.0, 0.0, 0.0, 0.0, 0.0, 0.0, 0.0, 0.0, 0.0, 
2.0, 5077.0, 359.9375, -1.3125, 2.0625, 0.0, 0.0, 0.1, -0.0, -0.01, 0.0, 18.0, -2.88, -38.19, 
3.0, 5285.0, 359.9375, -1.3125, 2.0625, 0.03, 0.0, 0.12, -0.0, -0.01, 0.0, 15.38, -2.25, -38.56, 
4.0, 5494.0, 359.9375, -1.3125, 2.0625, 0.01, 0.02, 0.04, -0.0, -0.0, 0.0, 14.69, -2.25, -38.19, 
5.0, 5704.0, 359.9375, -1.3125, 2.0625, 0.03, 0.01, 0.0, -0.0, -0.01, 0.0, 15.06, -3.25, -39.75, 
6.0, 5915.0, 359.9375, -1.3125, 2.0625, 0.01, 0.02, 0.1, -0.0, -0.01, 0.0, 13.25, -2.88, -37.38, 
7.0, 6124.0, 359.9375, -1.3125, 2.0625, 0.01, 0.03, 0.14, -0.0, -0.0, 0.0, 10.0, -1.88, -23.69, 
8.0, 6334.0, 359.9375, -1.3125, 2.0625, -0.05, -0.01, 0.09, 0.0, -0.03, -0.0, 12.0, -1.56, -23.25, 
9.0, 6543.0, 359.9375, -1.3125, 2.0625, 0.04, 0.05, 0.19, 0.0, 0.02, 0.0, 10.5, -1.25, -23.25, 
10.0, 6753.0, 359.9375, -1.375, 2.0625, 0.01, 0.02, 0.05, -0.0, 0.03, 0.0, 9.0, -1.56, -23.69, 
11.0, 6965.0, 359.9375, -1.375, 2.0625, -0.04, -0.05, 0.08, -0.0, 0.01, 0.0, 11.56, -1.25, -24.06, 
12.0, 7173.0, 359.9375, -1.375, 2.0625, 0.0, 0.0, 0.09, 0.0, -0.01, -0.0, 7.5, -1.88, -22.88, 
13.0, 7383.0, 359.9375, -1.375, 2.0625, 0.03, 0.06, 0.15, -0.0, 0.01, -0.0, 13.06, -2.0, -24.5, 
14.0, 7593.0, 359.9375, -1.375, 2.0625, 0.01, 0.0, 0.1, -0.0, 0.02, 0.0, 10.75, -2.69, -24.5, 
15.0, 7802.0, 359.9375, -1.4375, 2.0625, 0.0, 0.01, 0.05, -0.01, 0.02, -0.0, 9.0, -1.56, -23.25, 
16.0, 8012.0, 359.9375, -1.4375, 2.0625, 0.03, 0.01, 0.09, -0.01, 0.01, 0.0, 14.19, -1.56, -24.06, 
17.0, 8224.0, 359.9375, -1.4375, 2.0625, 0.01, 0.0, 0.14, -0.01, -0.01, -0.0, 8.69, -1.25, -22.88, 
18.0, 8433.0, 359.9375, -1.4375, 2.0625, 0.05, 0.01, 0.14, 0.0, -0.0, -0.0, 11.56, -1.25, -22.88, 
19.0, 8643.0, 359.9375, -1.4375, 2.0625, 0.0, 0.0, 0.05, 0.0, -0.0, -0.0, 12.0, -2.0, -24.5, 
20.0, 8852.0, 359.9375, -1.4375, 2.0625, 0.01, 0.01, 0.06, -0.0, -0.0, -0.0, 10.75, -1.56, -23.25, 
21.0, 9062.0, 359.9375, -1.4375, 2.0625, 0.0, -0.02, 0.07, -0.0, 0.02, 0.0, 10.5, -1.88, -22.06, 
22.0, 9274.0, 359.9375, -1.4375, 2.0625, 0.0, 0.0, 0.13, -0.0, -0.0, 0.0, 11.56, -1.56, -24.5, 
23.0, 9483.0, 359.9375, -1.4375, 2.0625, 0.04, 0.0, 0.12, 0.0, -0.0, 0.0, 10.75, -1.56, -23.25, 
24.0, 9693.0, 359.9375, -1.4375, 2.0625, 0.03, -0.01, 0.13, 0.0, 0.0, 0.0, 11.19, -2.69, -22.88, 
25.0, 9902.0, 359.9375, -1.4375, 2.0625, 0.05, 0.02, 0.02, -0.0, -0.0, -0.0, 12.0, -2.0, -22.06, 
26.0, 10112.0, 359.9375, -1.4375, 2.0625, 0.03, 0.0, 0.09, 0.0, -0.0, 0.0, 7.88, -2.0, -24.06, 
27.0, 10324.0, 359.9375, -1.4375, 2.0625, 0.04, 0.02, 0.12, -0.0, 0.0, -0.0, 12.0, -1.56, -24.06, 
28.0, 10533.0, 359.9375, -1.4375, 2.0625, 0.02, 0.0, 0.11, 0.0, 0.0, 0.0, 10.5, -1.25, -23.25, 
29.0, 10742.0, 359.9375, -1.4375, 2.0625, 0.01, 0.01, 0.11, -0.0, 0.0, 0.0, 9.38, -1.56, -24.06, 
30.0, 10952.0, 359.9375, -1.4375, 2.0625, 0.02, 0.0, 0.03, -0.0, 0.0, -0.0, 12.25, -2.25, -24.06, 
31.0, 11162.0, 359.9375, -1.4375, 2.0625, 0.02, 0.01, 0.07, 0.0, 0.0, 0.0, 10.5, -2.69, -23.25, 
32.0, 11371.0, 359.9375, -1.4375, 2.0625, 0.02, 0.0, 0.11, -0.0, 0.0, 0.0, 11.19, -2.69, -24.88, 
33.0, 12623.0, 359.9375, -1.4375, 2.0625, 0.02, 0.0, 0.1, 0.0, -0.01, 0.0, 11.56, -1.88, -23.69, 
34.0, 12833.0, 359.9375, -1.4375, 2.0625, 0.03, 0.02, 0.12, 0.0, -0.0, -0.0, 12.25, -2.0, -23.69, 
35.0, 13042.0, 359.9375, -1.4375, 2.0625, 0.03, 0.0, 0.09, -0.0, -0.01, -0.0, 10.5, -2.0, -23.69, 
36.0, 13252.0, 359.9375, -1.4375, 2.0625, 0.03, 0.0, 0.03, -0.01, -0.0, 0.0, 9.38, -1.56, -24.06, 
37.0, 13461.0, 359.9375, -1.4375, 2.0625, 0.03, 0.03, 0.11, -0.0, -0.01, 0.0, 11.19, -2.25, -23.25, 
38.0, 13673.0, 359.9375, -1.4375, 2.125, 0.03, 0.0, 0.14, 0.0, -0.03, 0.0, 10.75, -2.25, -23.69, 
39.0, 13880.0, 359.9375, -1.4375, 2.125, 0.03, 0.0, 0.14, -0.0, 0.03, 0.0, 11.06, -1.88, -23.5, 
40.0, 14091.0, 359.9375, -1.4375, 2.125, 0.0, 0.0, 0.0, 0.0, 0.0, 0.0, 11.25, -1.88, -23.06, 
41.0, 14301.0, 359.75, -3.375, -12.75, 0.68, -3.23, 2.42, 5.29, -1.13, -0.74, 7.88, -3.06, -20.88, 
42.0, 14511.0, 1.375, -6.0625, -34.1875, 0.88, -0.29, -0.22, 1.08, 0.61, -0.38, 13.38, -28.0, -20.19, 
43.0, 14723.0, 359.0625, -6.875, -29.5625, 0.03, 0.29, 1.09, -5.06, -0.01, 1.33, 13.06, -28.88, -19.75, 
44.0, 14931.0, 354.75, -7.5, 36.5625, 0.0, -0.31, -0.56, -3.42, 0.69, -0.27, 4.69, 7.0, -37.56, 
45.0, 15141.0, 357.5, -9.3125, 49.8125, -0.32, 0.54, 0.48, -0.09, -0.12, -0.03, 13.56, 21.06, -32.56, 
46.0, 15351.0, 357.3125, -8.8125, 48.8125, -0.05, -0.08, 0.35, 0.67, -0.16, 0.17, 13.69, 22.19, -34.06, 
47.0, 15561.0, 355.875, -7.4375, 39.3125, -0.41, 0.74, -0.33, 2.02, -0.63, 0.19, 12.88, 19.06, -34.88, 
48.0, 15773.0, 354.25, -2.5, 23.375, -0.28, -0.22, 1.02, 1.21, -0.13, 0.26, 6.0, 3.38, -41.06, 
49.0, 15981.0, 353.1875, -1.375, 15.625, -0.18, 0.02, 0.04, 0.32, -0.05, -0.11, 10.56, -3.56, -42.69, 
50.0, 16191.0, 356.6875, -1.125, 11.8125, -0.15, 0.08, 0.34, 0.55, 0.21, -0.49, 9.38, -5.25, -41.38, 
51.0, 16401.0, 3.0625, -2.0, 7.1875, -0.02, 0.45, 0.08, 0.46, 0.14, -0.5, 10.06, -6.5, -39.69, 
52.0, 16611.0, 8.0625, -1.1875, -0.8125, -0.11, -0.43, 0.01, 0.76, -1.36, -0.4, 17.06, -9.88, -37.25, 
53.0, 16823.0, 11.8125, -2.9375, -5.1875, 0.12, 0.0, 0.34, -0.13, 0.24, -0.26, 14.06, -14.88, -35.56, 
54.0, 17031.0, 14.6875, -1.5625, -0.4375, -0.59, 0.24, -0.29, -0.56, -0.34, -0.3, 14.88, -14.06, -36.56, 
55.0, 17241.0, 13.25, 0.5, 2.4375, 0.66, 0.19, 0.23, -0.05, 0.62, 1.6, 9.5, -12.88, -36.5, 
56.0, 17451.0, 5.8125, -1.75, 2.375, -0.07, 0.03, 0.06, 0.03, 0.56, 0.01, 11.75, -16.88, -36.06, 
57.0, 17661.0, 5.6875, -2.0625, 2.375, -0.06, 0.04, 0.12, 0.0, -0.04, -0.0, 11.25, -16.88, -35.19, 
58.0, 17869.0, 5.625, -1.8125, 2.375, -0.05, 0.03, 0.13, -0.01, -0.1, -0.0, 13.0, -15.38, -34.38, 
59.0, 18080.0, 5.625, -1.625, 2.375, 0.03, 0.02, 0.09, 0.0, -0.07, -0.0, 14.5, -15.75, -35.56, 
60.0, 18290.0, 5.625, -1.75, 2.375, -0.01, 0.01, 0.09, 0.0, 0.07, 0.0, 14.75, -16.19, -36.0, 
61.0, 18500.0, 5.625, -1.8125, 2.375, 0.01, 0.03, 0.03, 0.0, -0.02, 0.0, 12.69, -16.88, -36.75, 
62.0, 18710.0, 5.625, -1.75, 2.3125, 0.01, 0.01, 0.06, 0.0, 0.02, 0.0, 11.88, -16.5, -37.25, 
63.0, 18919.0, 5.625, -1.8125, 2.3125, 0.03, 0.09, 0.16, 0.0, 0.0, 0.0, 8.19, -16.5, -35.56, 
64.0, 19131.0, 5.625, -1.8125, 2.3125, 0.02, 0.05, 0.13, 0.0, 0.01, 0.0, 10.75, -15.38, -36.5, 
65.0, 19341.0, 5.625, -1.875, 2.3125, 0.0, 0.04, 0.16, -0.0, 0.01, 0.0, 11.88, -16.5, -36.06, 
66.0, 19550.0, 5.625, -1.8125, 2.3125, 0.0, 0.01, 0.04, 0.0, -0.03, 0.0, 11.5, -17.19, -36.06, 
67.0, 19760.0, 5.625, -1.875, 2.3125, 0.0, 0.03, 0.09, 0.01, 0.02, 0.0, 11.88, -16.5, -36.75, 
68.0, 19969.0, 5.625, -1.875, 2.3125, 0.01, 0.04, 0.17, -0.0, 0.0, 0.0, 14.5, -16.5, -36.5, 
69.0, 20182.0, 5.625, -1.8125, 2.3125, 0.0, 0.02, 0.09, 0.0, 0.0, 0.0, 8.56, -16.5, -36.5, 
70.0, 20391.0, 5.625, -1.875, 2.3125, 0.0, 0.02, 0.1, -0.0, -0.01, 0.0, 12.25, -16.5, -37.25, 
71.0, 20600.0, 5.625, -1.875, 2.3125, 0.01, 0.04, 0.04, -0.0, 0.0, 0.0, 9.25, -16.88, -36.0, 
72.0, 20810.0, 5.625, -1.875, 2.3125, 0.0, 0.02, 0.12, 0.0, -0.0, 0.0, 9.0, -16.88, -36.75, 
73.0, 21019.0, 5.625, -1.875, 2.3125, 0.0, 0.03, 0.11, 0.0, 0.0, 0.0, 10.38, -17.19, -36.0, 
74.0, 21230.0, 5.625, -1.875, 2.3125, 0.02, 0.06, 0.15, -0.0, 0.0, 0.0, 10.75, -17.19, -35.56, 
75.0, 21442.0, 5.625, -1.875, 2.3125, 0.0, 0.04, 0.06, -0.0, -0.01, 0.0, 9.25, -16.5, -36.0, 
76.0, 21651.0, 5.625, -1.875, 2.3125, 0.01, 0.03, 0.05, 0.0, 0.0, 0.0, 12.25, -16.5, -36.0, 
77.0, 21860.0, 5.625, -1.875, 2.3125, 0.0, 0.05, 0.06, -0.0, 0.01, -0.0, 11.19, -16.5, -36.5, 
78.0, 22069.0, 5.625, -1.875, 2.3125, 0.0, 0.02, 0.13, 0.0, 0.0, 0.0, 14.75, -16.88, -35.56, 
79.0, 22280.0, 5.625, -1.875, 2.3125, 0.0, 0.03, 0.15, -0.0, -0.0, 0.0, 15.88, -16.88, -36.0, 
80.0, 22492.0, 5.625, -1.875, 2.3125, 0.0, 0.04, 0.03, -0.0, 0.01, -0.0, 13.0, -16.88, -36.0, 
81.0, 22701.0, 5.625, -1.875, 2.3125, 0.02, 0.05, 0.03, -0.0, 0.01, 0.0, 14.06, -16.5, -35.19, 
82.0, 22910.0, 5.625, -1.875, 2.3125, 0.01, 0.03, 0.08, -0.0, 0.0, 0.0, 14.75, -16.5, -36.06, 
83.0, 23119.0, 5.625, -1.875, 2.3125, 0.0, 0.04, 0.14, 0.0, 0.0, 0.0, 9.25, -16.88, -36.0, 
84.0, 23330.0, 5.625, -1.875, 2.3125, 0.01, 0.04, 0.12, 0.0, 0.01, -0.0, 9.25, -16.19, -36.5, 
85.0, 23542.0, 5.625, -1.875, 2.3125, 0.0, 0.04, 0.02, 0.0, 0.0, 0.0, 14.06, -16.5, -36.75, 
86.0, 23751.0, 5.625, -1.875, 2.3125, 0.02, 0.03, 0.0, 0.0, 0.0, 0.0, 10.38, -16.19, -36.06, 
87.0, 23960.0, 5.625, -1.875, 2.3125, 0.0, 0.02, 0.1, -0.0, -0.0, -0.0, 10.38, -16.19, -36.0, 
88.0, 24169.0, 5.625, -1.875, 2.3125, 0.01, 0.05, 0.11, -0.0, 0.0, -0.0, 11.19, -16.88, -36.75, 
89.0, 24380.0, 5.625, -1.875, 2.3125, 0.0, 0.02, 0.13, 0.0, 0.0, -0.0, 14.06, -16.5, -36.5, 
90.0, 24590.0, 5.625, -1.875, 2.3125, 0.0, 0.03, 0.09, -0.0, 0.0, -0.0, 10.0, -16.5, -36.5, 
91.0, 24802.0, 5.625, -1.875, 2.3125, 0.0, 0.02, 0.11, -0.0, 0.0, 0.0, 13.25, -16.19, -36.0, 
92.0, 25011.0, 5.625, -1.875, 2.3125, 0.0, 0.02, 0.07, 0.0, -0.0, 0.0, 7.75, -16.19, -36.5, 
93.0, 25219.0, 5.625, -1.875, 2.3125, 0.0, 0.03, 0.11, 0.0, 0.01, -0.0, 14.06, -16.88, -36.0, 
94.0, 25429.0, 5.625, -1.875, 2.3125, 0.02, 0.02, 0.13, 0.0, 0.0, 0.0, 10.75, -16.5, -36.75, 
95.0, 25639.0, 5.625, -1.875, 2.3125, 0.03, 0.05, 0.12, 0.0, -0.01, 0.0, 11.5, -15.75, -35.19, 
96.0, 25851.0, 5.625, -1.875, 2.3125, 0.0, 0.04, 0.08, 0.0, 0.01, 0.0, 14.75, -16.19, -36.75, 
97.0, 26061.0, 5.625, -1.875, 2.3125, 0.0, 0.01, 0.07, 0.01, -0.0, -0.0, 13.69, -16.19, -36.06, 
98.0, 26269.0, 5.625, -1.875, 2.3125, 0.0, 0.04, 0.1, 0.01, 0.01, 0.0, 12.69, -16.5, -36.0, 
99.0, 26479.0, 5.625, -1.875, 2.3125, -0.01, 0.03, 0.12, -0.0, 0.0, 0.0, 14.5, -17.19, -36.0, 
100.0, 26689.0, 5.625, -1.875, 2.3125, 0.0, 0.02, 0.12, 0.0, -0.0, -0.0, 10.75, -16.88, -36.0, 
101.0, 26912.0, 5.625, -1.875, 2.3125, -0.01, 0.04, 0.1, -0.0, 0.0, 0.0, 13.69, -16.88, -36.5, 
102.0, 27146.0, 5.625, -1.875, 2.3125, 0.0, 0.04, 0.04, -0.0, -0.0, -0.0, 14.06, -16.19, -36.0, 
103.0, 27355.0, 5.625, -1.875, 2.3125, 0.0, 0.02, 0.06, 0.01, 0.0, 0.0, 13.69, -16.5, -36.5, 
104.0, 27563.0, 5.625, -1.875, 2.3125, 0.0, 0.04, 0.1, -0.0, -0.01, -0.0, 13.0, -16.5, -37.56, 
105.0, 27771.0, 5.625, -1.875, 2.3125, 0.03, 0.03, 0.12, -0.0, 0.0, -0.0, 11.19, -16.5, -35.56, 
106.0, 27980.0, 5.625, -1.875, 2.3125, 0.0, 0.01, 0.12, 0.0, 0.0, -0.0, 12.25, -16.5, -36.75, 
107.0, 28191.0, 5.625, -1.875, 2.3125, 0.0, 0.05, 0.04, 0.0, -0.0, 0.0, 13.0, -16.88, -36.5, 
108.0, 28400.0, 5.625, -1.875, 2.3125, 0.0, 0.05, 0.02, 0.0, 0.0, 0.0, 8.56, -16.5, -36.5, 
109.0, 28610.0, 5.625, -1.875, 2.3125, 0.01, 0.05, 0.07, 0.0, 0.0, -0.0, 11.19, -16.88, -36.5, 
110.0, 28819.0, 5.625, -1.875, 2.3125, 0.0, 0.03, 0.09, -0.0, -0.0, 0.0, 13.0, -16.5, -36.75, 
111.0, 29029.0, 5.625, -1.875, 2.3125, -0.01, 0.03, 0.14, -0.0, 0.0, 0.0, 7.5, -16.88, -36.0, 
112.0, 29240.0, 5.625, -1.875, 2.3125, 0.0, 0.03, 0.04, -0.0, -0.0, 0.0, 11.88, -16.5, -36.0, 
113.0, 29450.0, 5.625, -1.875, 2.3125, 0.01, 0.03, 0.05, -0.0, 0.0, 0.0, 10.0, -16.88, -35.56, 
114.0, 29659.0, 5.625, -1.875, 2.3125, 0.0, 0.03, 0.08, 0.0, -0.01, -0.0, 9.69, -16.88, -36.0, 
115.0, 29868.0, 5.625, -1.875, 2.3125, 0.01, 0.01, 0.12, 0.0, 0.0, 0.0, 12.25, -16.88, -35.19, 
116.0, 30078.0, 5.625, -1.875, 2.3125, 0.01, 0.03, 0.15, 0.0, -0.0, -0.0, 14.75, -16.5, -37.25, 
117.0, 30290.0, 5.625, -1.875, 2.3125, 0.01, 0.05, 0.05, 0.0, -0.0, 0.0, 9.69, -17.19, -36.0, 
118.0, 30499.0, 5.625, -1.875, 2.3125, 0.0, 0.02, 0.03, -0.01, -0.0, 0.0, 11.5, -16.88, -36.5, 
119.0, 30709.0, 5.625, -1.875, 2.3125, 0.0, 0.03, 0.11, -0.0, -0.01, 0.0, 12.25, -16.88, -36.5, 
120.0, 30917.0, 5.625, -1.875, 2.3125, 0.0, 0.05, 0.11, 0.0, 0.0, -0.0, 9.0, -16.88, -36.5, 
121.0, 31128.0, 5.625, -1.875, 2.3125, -0.01, 0.06, 0.12, 0.0, -0.0, 0.0, 11.88, -16.88, -36.0, 
122.0, 31340.0, 5.625, -1.875, 2.3125, 0.0, 0.03, 0.04, -0.0, -0.0, 0.0, 9.25, -17.19, -36.5, 
123.0, 31549.0, 5.625, -1.875, 2.3125, 0.01, 0.02, 0.06, 0.0, -0.01, 0.0, 9.25, -16.19, -36.06, 
124.0, 31758.0, 5.625, -1.875, 2.3125, 0.0, 0.03, 0.07, 0.0, 0.0, 0.0, 7.5, -17.19, -36.0, 
125.0, 31967.0, 5.625, -1.875, 2.3125, 0.01, 0.03, 0.12, 0.0, 0.0, 0.0, 9.69, -16.5, -36.5, 
126.0, 32178.0, 5.625, -1.875, 2.3125, 0.0, 0.05, 0.14, 0.0, -0.01, 0.0, 10.0, -16.88, -35.56, 
127.0, 32388.0, 5.625, -1.875, 2.3125, 0.0, 0.0, 0.09, -0.0, 0.01, -0.0, 14.06, -16.5, -36.75, 
128.0, 32600.0, 5.625, -1.875, 2.3125, 0.0, 0.02, 0.09, 0.0, 0.0, -0.0, 7.5, -16.5, -37.25, 
129.0, 32809.0, 5.625, -1.875, 2.3125, 0.0, 0.03, 0.09, 0.0, 0.01, -0.0, 14.06, -16.88, -36.75, 
130.0, 33017.0, 5.625, -1.875, 2.3125, -0.01, 0.03, 0.11, 0.0, 0.0, 0.0, 15.19, -17.56, -38.06, 
131.0, 33227.0, 5.625, -1.875, 2.3125, 0.0, 0.03, 0.14, 0.0, 0.0, -0.0, 10.0, -16.88, -37.69, 
132.0, 33437.0, 5.625, -1.875, 2.3125, 0.0, 0.02, 0.12, -0.0, 0.01, -0.0, 11.5, -17.19, -36.5, 
133.0, 33659.0, 5.625, -1.875, 2.3125, 0.03, 0.01, 0.13, -0.0, -0.0, 0.0, 13.0, -16.88, -36.5, 
134.0, 33868.0, 5.625, -1.875, 2.3125, 0.01, 0.03, 0.1, -0.0, -0.01, 0.0, 12.69, -17.56, -35.56, 
135.0, 34078.0, 5.625, -1.875, 2.3125, 0.01, 0.05, 0.12, -0.0, 0.01, -0.0, 11.88, -16.5, -36.0, 
136.0, 34288.0, 5.625, -1.875, 2.3125, 0.01, 0.03, 0.13, -0.0, -0.0, 0.0, 10.38, -16.5, -36.0, 
137.0, 34498.0, 5.625, -1.875, 2.3125, -0.01, 0.05, 0.04, 0.0, -0.0, 0.0, 14.75, -17.19, -37.25, 
138.0, 34728.0, 5.625, -1.875, 2.3125, 0.0, 0.04, 0.15, -0.0, 0.0, -0.0, 12.56, -16.5, -35.56, 
139.0, 34938.0, 5.625, -1.875, 2.3125, 0.01, 0.04, 0.13, 0.0, -0.01, 0.0, 11.19, -16.5, -34.75, 
140.0, 35147.0, 5.625, -1.875, 2.3125, 0.01, 0.06, 0.03, -0.0, 0.01, 0.0, 14.06, -15.38, -36.75, 
141.0, 35357.0, 5.625, -1.875, 2.3125, 0.0, 0.03, 0.09, -0.0, 0.0, 0.0, 13.69, -16.88, -36.5, 
142.0, 35566.0, 5.625, -1.875, 2.3125, 0.0, 0.03, 0.1, -0.0, 0.0, -0.0, 10.0, -16.19, -35.56, 
143.0, 35778.0, 5.625, -1.875, 2.3125, 0.01, 0.03, 0.12, -0.0, -0.0, 0.0, 9.25, -16.5, -36.5, 
144.0, 35988.0, 5.625, -1.875, 2.3125, 0.0, 0.03, 0.12, 0.0, 0.01, 0.0, 13.69, -15.75, -36.5, 
145.0, 36197.0, 5.625, -1.875, 2.3125, 0.01, 0.02, 0.02, 0.0, -0.0, 0.0, 13.25, -17.19, -36.0, 
146.0, 36407.0, 5.625, -1.875, 2.3125, 0.01, 0.04, 0.07, 0.0, 0.0, -0.0, 10.38, -17.19, -36.5, 
147.0, 36616.0, 5.625, -1.875, 2.3125, 0.0, 0.04, 0.12, -0.0, 0.0, 0.0, 11.5, -16.5, -35.56, 
148.0, 36826.0, 5.625, -1.875, 2.3125, 0.0, 0.01, 0.12, -0.0, 0.0, -0.0, 11.5, -16.19, -35.56, 
149.0, 37038.0, 5.625, -1.875, 2.3125, 0.0, 0.06, 0.03, 0.0, 0.0, 0.0, 13.0, -16.5, -36.5, 
150.0, 37247.0, 5.625, -1.875, 2.3125, 0.0, 0.03, 0.04, 0.0, 0.01, -0.0, 11.88, -16.88, -36.75, 
151.0, 37457.0, 5.625, -1.875, 2.3125, 0.01, 0.02, 0.09, 0.0, 0.0, -0.0, 11.88, -17.19, -36.0, 
152.0, 37666.0, 5.625, -1.875, 2.3125, 0.0, 0.03, 0.13, -0.0, -0.0, -0.0, 10.38, -17.19, -36.0, 
153.0, 37876.0, 5.625, -1.875, 2.3125, 0.02, 0.04, 0.14, 0.0, -0.0, -0.0, 13.69, -16.88, -36.75, 
154.0, 38088.0, 5.625, -1.875, 2.3125, 0.01, 0.03, 0.05, 0.0, 0.0, -0.0, 13.0, -16.5, -35.19, 
155.0, 38297.0, 5.625, -1.9375, 2.3125, 0.01, 0.03, 0.03, -0.0, 0.02, 0.0, 11.88, -17.56, -35.56, 
156.0, 38507.0, 5.625, -1.875, 2.3125, -0.02, 0.06, 0.09, -0.0, 0.03, 0.0, 10.75, -16.88, -34.75, 
157.0, 38716.0, 5.625, -1.9375, 2.3125, -0.05, 0.0, 0.1, -0.01, 0.03, 0.0, 10.75, -16.5, -37.25, 
158.0, 38926.0, 5.625, -1.875, 2.3125, 0.03, 0.03, 0.14, 0.0, -0.01, 0.0, 13.0, -16.19, -35.19, 
159.0, 39138.0, 5.625, -1.9375, 2.3125, -0.01, 0.06, 0.07, 0.0, 0.01, 0.0, 14.5, -16.19, -36.0, 
160.0, 39347.0, 5.625, -1.9375, 2.3125, 0.0, 0.0, 0.03, -0.01, 0.0, -0.0, 11.88, -15.75, -35.56, 
161.0, 39557.0, 5.625, -1.9375, 2.3125, 0.04, 0.04, 0.1, -0.0, 0.02, 0.0, 12.25, -16.19, -36.0, 
162.0, 39766.0, 5.625, -1.9375, 2.3125, 0.0, 0.05, 0.14, 0.0, 0.02, -0.0, 12.25, -16.5, -36.5, 
163.0, 39976.0, 5.625, -1.9375, 2.3125, 0.04, 0.04, 0.18, 0.0, 0.0, -0.0, 11.19, -16.5, -36.5, 
164.0, 40188.0, 5.625, -1.9375, 2.3125, 0.01, 0.03, 0.01, -0.0, 0.02, -0.0, 13.25, -16.88, -35.56, 
165.0, 40397.0, 5.625, -2.0, 2.3125, 0.0, 0.03, 0.04, -0.0, -0.02, -0.0, 10.38, -17.56, -36.75, 
166.0, 40607.0, 5.625, -1.9375, 2.3125, 0.04, 0.0, 0.08, 0.0, -0.01, 0.0, 14.06, -16.5, -36.0, 
167.0, 40815.0, 5.625, -2.0, 2.3125, 0.0, 0.0, 0.13, 0.0, 0.02, 0.01, 11.88, -16.88, -35.19, 
168.0, 41023.0, 5.625, -1.9375, 2.3125, 0.0, 0.03, 0.09, -0.0, -0.03, -0.0, 9.0, -16.88, -36.0, 
169.0, 41231.0, 5.625, -1.9375, 2.3125, 0.01, 0.06, 0.13, 0.0, 0.02, 0.0, 13.0, -16.88, -36.0, 
170.0, 41447.0, 5.625, -2.0, 2.3125, 0.03, 0.03, 0.04, 0.0, 0.0, -0.0, 11.19, -16.5, -36.75, 
171.0, 41657.0, 5.625, -2.0, 2.3125, 0.03, 0.03, 0.08, 0.0, 0.01, -0.0, 12.69, -17.56, -36.75, 
172.0, 41865.0, 5.625, -2.0, 2.3125, 0.0, 0.02, 0.12, -0.0, -0.02, 0.0, 10.38, -16.88, -35.19, 
173.0, 42075.0, 5.625, -2.0, 2.3125, 0.05, 0.04, 0.12, -0.0, -0.0, 0.0, 13.69, -16.19, -36.0, 
174.0, 42285.0, 5.625, -2.0, 2.3125, 0.01, 0.03, 0.13, -0.01, -0.01, 0.0, 13.25, -17.19, -36.75, 
175.0, 42497.0, 5.625, -2.0, 2.3125, 0.02, 0.05, 0.09, 0.0, -0.0, 0.0, 13.25, -16.19, -36.75, 
176.0, 42707.0, 5.625, -2.0, 2.3125, 0.04, 0.03, 0.08, -0.01, -0.0, -0.0, 10.0, -16.5, -36.0, 
177.0, 42915.0, 5.625, -2.0, 2.3125, 0.01, 0.02, 0.12, 0.0, -0.02, 0.0, 11.88, -16.88, -34.75, 
178.0, 43123.0, 5.625, -2.0625, 2.3125, 0.01, 0.03, 0.12, -0.0, -0.03, -0.0, 11.19, -18.0, -34.38, 
179.0, 43333.0, 5.625, -2.0625, 2.3125, 0.0, 0.04, 0.1, 0.0, 0.01, -0.0, 13.0, -16.5, -36.5, 
180.0, 43546.0, 5.625, -2.0, 2.3125, 0.05, 0.06, 0.08, -0.0, -0.02, -0.0, 9.69, -16.88, -36.0, 
181.0, 43756.0, 5.625, -2.0625, 2.3125, 0.0, 0.02, 0.1, 0.01, 0.02, 0.0, 12.56, -17.56, -36.75, 
182.0, 43965.0, 5.625, -2.0625, 2.3125, 0.04, 0.05, 0.12, -0.0, -0.0, -0.0, 10.38, -16.88, -34.75, 
183.0, 44175.0, 5.625, -2.0625, 2.3125, 0.04, 0.03, 0.19, 0.0, -0.0, 0.0, 13.0, -16.5, -35.19, 
184.0, 44385.0, 5.625, -2.0625, 2.3125, 0.05, 0.07, 0.15, 0.0, -0.03, 0.0, 9.69, -17.56, -34.75, 
185.0, 44597.0, 5.625, -2.0625, 2.3125, 0.04, 0.03, 0.07, -0.0, 0.01, 0.0, 9.0, -16.5, -35.56, 
186.0, 44807.0, 5.625, -2.0625, 2.3125, 0.03, 0.03, 0.05, 0.0, -0.0, 0.0, 11.88, -16.88, -36.5, 
187.0, 45015.0, 5.625, -2.0625, 2.3125, 0.02, 0.03, 0.09, -0.0, 0.0, 0.0, 10.0, -16.19, -36.0, 
188.0, 45225.0, 5.625, -2.0625, 2.3125, 0.02, 0.03, 0.12, 0.0, 0.01, -0.0, 14.5, -16.19, -36.75, 
189.0, 45435.0, 5.625, -2.0625, 2.3125, 0.04, 0.02, 0.12, 0.01, 0.0, 0.0, 12.56, -16.88, -36.5, 
190.0, 45645.0, 5.625, -2.0625, 2.3125, 0.03, 0.01, 0.02, 0.0, -0.0, 0.0, 13.0, -16.19, -36.0, 
191.0, 45857.0, 5.625, -2.0625, 2.3125, 0.04, 0.05, 0.15, 0.0, 0.0, -0.0, 13.69, -16.5, -36.0, 
192.0, 46066.0, 5.625, -2.125, 2.3125, 0.05, 0.05, 0.13, -0.0, 0.0, -0.0, 10.75, -17.19, -36.0, 
193.0, 46274.0, 5.625, -2.125, 2.3125, 0.04, 0.0, 0.13, 0.0, 0.03, 0.0, 14.5, -16.88, -37.25, 
194.0, 46485.0, 5.625, -2.125, 2.3125, 0.04, 0.04, 0.1, 0.01, -0.0, 0.0, 11.19, -17.19, -35.25, 
195.0, 46695.0, 5.625, -2.125, 2.3125, 0.03, 0.04, 0.06, -0.0, -0.01, 0.0, 14.06, -16.88, -36.75, 
196.0, 46907.0, 5.625, -2.125, 2.3125, 0.08, 0.04, 0.13, 0.01, 0.02, -0.0, 13.69, -16.5, -35.19, 
197.0, 47116.0, 5.625, -2.125, 2.3125, 0.03, 0.02, 0.13, -0.0, -0.01, -0.0, 10.38, -16.19, -36.5, 
198.0, 47326.0, 5.625, -2.125, 2.3125, 0.04, 0.04, 0.13, 0.0, -0.0, 0.0, 7.5, -17.19, -36.5, 
199.0, 47535.0, 5.625, -2.125, 2.3125, 0.03, 0.03, 0.14, 0.0, 0.01, 0.0, 12.69, -16.88, -36.5, 
200.0, 47745.0, 5.625, -2.1875, 2.3125, 0.02, 0.0, 0.02, 0.0, 0.03, 0.0, 12.25, -16.88, -35.19, 
201.0, 47957.0, 5.625, -2.1875, 2.3125, 0.06, 0.02, 0.12, 0.0, -0.0, -0.0, 11.19, -16.5, -36.0, 
202.0, 48176.0, 5.625, -2.1875, 2.3125, 0.05, 0.03, 0.13, 0.0, -0.01, 0.0, 10.38, -16.19, -35.56, 
203.0, 48410.0, 5.625, -2.1875, 2.3125, 0.04, 0.01, 0.12, 0.0, 0.01, 0.0, 13.25, -16.19, -36.06, 
204.0, 48617.0, 5.625, -2.1875, 2.3125, 0.05, 0.02, 0.15, 0.0, 0.0, 0.0, 11.5, -16.19, -37.25, 
205.0, 48826.0, 5.625, -2.1875, 2.3125, 0.05, 0.03, 0.14, 0.0, -0.0, 0.0, 13.69, -17.56, -37.25, 
206.0, 49035.0, 5.625, -2.1875, 2.3125, 0.06, 0.03, 0.14, -0.01, -0.01, 0.0, 10.0, -16.5, -36.5, 
207.0, 49247.0, 5.625, -2.1875, 2.3125, 0.01, 0.02, 0.08, -0.0, 0.03, 0.0, 9.69, -16.5, -35.25, 
208.0, 49456.0, 5.625, -2.25, 2.3125, 0.12, 0.03, 0.1, -0.0, -0.04, -0.0, 11.88, -16.19, -36.5, 
209.0, 49665.0, 5.625, -2.1875, 2.3125, 0.08, 0.04, 0.1, 0.0, 0.02, 0.0, 11.88, -17.19, -36.0, 
210.0, 49875.0, 5.625, -2.25, 2.3125, 0.04, 0.04, 0.13, 0.0, -0.02, 0.0, 10.75, -16.5, -35.56, 
211.0, 50085.0, 5.625, -2.1875, 2.3125, 0.07, 0.03, 0.11, -0.0, 0.02, 0.0, 13.0, -16.88, -36.5, 
212.0, 50296.0, 5.625, -2.25, 2.3125, 0.07, 0.04, 0.1, 0.0, -0.0, 0.0, 13.0, -17.19, -36.75, 
213.0, 50505.0, 5.625, -2.1875, 2.3125, 0.08, 0.03, 0.08, 0.0, 0.0, 0.0, 11.5, -16.5, -36.5, 
214.0, 50714.0, 5.625, -2.1875, 2.3125, 0.05, 0.04, 0.11, -0.0, 0.01, 0.0, 13.69, -16.5, -36.0, 
215.0, 50924.0, 5.625, -2.1875, 2.3125, 0.06, 0.03, 0.12, 0.0, 0.0, 0.0, 10.75, -17.19, -36.0, 
216.0, 51134.0, 5.625, -2.1875, 2.3125, 0.05, 0.04, 0.14, 0.0, 0.0, -0.0, 11.19, -16.19, -37.25, 
217.0, 51346.0, 5.625, -2.1875, 2.3125, 0.06, 0.01, 0.04, 0.0, 0.0, 0.0, 12.56, -16.19, -35.56, 
218.0, 51555.0, 5.625, -2.25, 2.3125, 0.05, 0.02, 0.08, -0.0, -0.03, 0.0, 13.25, -17.19, -34.75, 
219.0, 51764.0, 5.625, -2.1875, 2.3125, 0.04, 0.05, 0.11, -0.0, 0.01, 0.0, 11.88, -16.88, -36.75, 
220.0, 51974.0, 5.625, -2.25, 2.3125, 0.06, 0.03, 0.13, -0.0, 0.01, -0.0, 9.69, -16.88, -36.75, 
221.0, 52184.0, 5.625, -2.1875, 2.3125, 0.05, 0.03, 0.13, 0.0, 0.01, -0.0, 14.06, -16.88, -36.0, 
222.0, 52395.0, 5.625, -2.1875, 2.3125, 0.04, 0.01, 0.1, 0.0, -0.01, 0.0, 11.5, -16.88, -37.56, 
223.0, 52605.0, 5.625, -2.1875, 2.3125, 0.06, 0.03, 0.11, -0.0, 0.0, -0.0, 12.25, -16.88, -37.25, 
224.0, 52814.0, 5.625, -2.1875, 2.3125, 0.05, 0.04, 0.13, 0.0, 0.0, -0.0, 10.38, -17.19, -36.06, 
225.0, 53024.0, 5.625, -2.1875, 2.3125, 0.06, 0.05, 0.14, -0.0, 0.0, 0.0, 11.88, -15.75, -36.5, 
226.0, 53233.0, 5.625, -2.1875, 2.3125, 0.04, 0.03, 0.12, 0.0, 0.01, 0.0, 10.0, -16.88, -36.0, 
227.0, 53443.0, 5.625, -2.1875, 2.3125, 0.06, 0.03, 0.06, -0.0, 0.01, 0.0, 8.19, -16.88, -36.0, 
228.0, 53656.0, 5.625, -2.1875, 2.3125, 0.05, 0.0, 0.1, -0.0, 0.0, -0.0, 14.5, -16.5, -37.25, 
229.0, 53864.0, 5.625, -2.1875, 2.3125, 0.05, 0.03, 0.11, 0.0, 0.0, -0.0, 11.19, -16.88, -36.75, 
230.0, 54074.0, 5.625, -2.1875, 2.3125, 0.06, 0.02, 0.15, 0.0, -0.0, 0.0, 12.25, -15.75, -36.88, 
231.0, 54284.0, 5.625, -2.1875, 2.3125, 0.05, 0.03, 0.17, -0.01, 0.01, -0.0, 8.56, -16.88, -37.25, 
232.0, 54494.0, 5.625, -2.1875, 2.3125, 0.05, 0.02, 0.09, 0.0, 0.01, -0.0, 9.0, -16.5, -35.56, 
233.0, 54705.0, 5.625, -2.1875, 2.3125, 0.09, 0.06, 0.12, 0.0, -0.02, 0.0, 15.19, -16.88, -36.0, 
234.0, 54913.0, 5.625, -2.1875, 2.3125, 0.06, 0.01, 0.13, 0.0, 0.03, 0.0, 13.0, -16.5, -36.0, 
235.0, 55123.0, 5.625, -2.25, 2.3125, 0.06, 0.04, 0.13, -0.0, -0.02, 0.0, 13.0, -16.88, -35.56, 
236.0, 55333.0, 5.625, -2.25, 2.3125, 0.07, 0.02, 0.13, 0.0, 0.01, -0.0, 12.25, -17.19, -35.56, 
237.0, 55543.0, 5.625, -2.25, 2.3125, 0.07, 0.02, -0.03, -0.0, 0.01, 0.0, 10.38, -16.5, -35.19, 
238.0, 55755.0, 5.625, -2.1875, 2.3125, 0.12, 0.07, 0.18, -0.0, -0.01, -0.0, 10.75, -16.88, -36.5, 
239.0, 55964.0, 5.625, -2.25, 2.3125, 0.02, 0.03, 0.11, -0.0, 0.0, -0.0, 10.0, -17.19, -36.0, 
240.0, 56174.0, 5.625, -2.1875, 2.3125, 0.09, 0.05, 0.15, 0.0, -0.01, -0.0, 10.38, -16.5, -36.75, 
241.0, 56383.0, 5.625, -2.1875, 2.3125, 0.06, 0.04, 0.1, -0.0, -0.0, 0.0, 14.75, -16.5, -36.88, 
242.0, 56593.0, 5.625, -2.1875, 2.3125, 0.05, 0.03, 0.06, -0.0, -0.0, -0.0, 13.69, -16.5, -36.0, 
243.0, 56803.0, 5.625, -2.25, 2.3125, 0.05, 0.0, 0.04, -0.0, -0.0, -0.0, 13.0, -17.19, -37.25, 
244.0, 57015.0, 5.625, -2.1875, 2.3125, 0.07, 0.08, 0.15, 0.0, 0.04, 0.0, 11.5, -16.88, -34.75, 
245.0, 57224.0, 5.625, -2.25, 2.3125, 0.05, 0.02, 0.14, 0.0, -0.03, -0.0, 11.5, -16.5, -34.75, 
246.0, 57434.0, 5.625, -2.25, 2.3125, 0.07, 0.0, 0.09, 0.0, 0.04, 0.0, 13.0, -16.88, -36.0, 
247.0, 57643.0, 5.625, -2.3125, 2.3125, 0.05, 0.01, 0.03, -0.0, -0.0, 0.0, 10.75, -16.5, -36.0, 
248.0, 57853.0, 5.625, -2.25, 2.3125, 0.07, 0.04, 0.07, -0.0, -0.01, -0.0, 10.75, -16.88, -36.0, 
249.0, 58065.0, 5.625, -2.3125, 2.3125, 0.07, 0.04, 0.18, 0.0, 0.02, 0.0, 13.0, -15.75, -36.0, 
250.0, 58274.0, 5.625, -2.3125, 2.3125, 0.11, 0.04, 0.13, -0.0, 0.0, -0.0, 9.69, -16.88, -36.75, 
251.0, 58483.0, 5.625, -2.375, 2.3125, 0.07, 0.02, 0.12, -0.0, -0.01, 0.0, 14.06, -17.56, -35.56, 
252.0, 58693.0, 5.625, -2.3125, 2.3125, 0.07, 0.04, 0.04, -0.0, 0.01, 0.0, 10.38, -16.5, -36.0, 
253.0, 58903.0, 5.625, -2.1875, 2.3125, 0.08, 0.01, 0.09, -0.0, 0.06, 0.0, 13.69, -16.88, -36.5, 
254.0, 59114.0, 5.625, -2.25, 2.3125, 0.11, 0.05, 0.13, -0.01, -0.01, 0.0, 10.38, -17.19, -36.5, 
255.0, 59323.0, 5.625, -2.25, 2.3125, 0.07, 0.03, 0.14, -0.0, -0.05, 0.0, 9.0, -16.5, -36.0, 
256.0, 59533.0, 5.625, -2.1875, 2.3125, 0.06, 0.02, 0.08, -0.0, 0.01, 0.0, 10.0, -16.88, -36.5, 
257.0, 59743.0, 5.625, -2.25, 2.3125, 0.08, 0.03, 0.03, -0.0, 0.01, 0.0, 11.5, -16.5, -36.0, 
258.0, 59953.0, 5.625, -2.25, 2.3125, 0.08, -0.03, 0.05, 0.0, -0.01, 0.0, 12.56, -17.56, -36.75, 
259.0, 60164.0, 5.625, -2.25, 2.3125, 0.08, 0.05, 0.09, 0.0, 0.02, -0.0, 10.38, -17.19, -36.0, 
260.0, 60373.0, 5.625, -2.25, 2.3125, 0.05, 0.0, 0.13, -0.01, 0.01, -0.0, 13.0, -16.88, -36.5, 
261.0, 60583.0, 5.625, -2.1875, 2.3125, 0.1, 0.03, 0.13, 0.0, 0.0, -0.0, 12.25, -18.0, -36.0, 
262.0, 60792.0, 5.625, -2.25, 2.3125, 0.05, 0.01, 0.01, -0.01, 0.01, 0.0, 12.25, -18.38, -35.56, 
263.0, 61002.0, 5.625, -2.1875, 2.3125, 0.1, 0.02, 0.09, -0.0, -0.01, -0.0, 14.5, -16.88, -36.5, 
264.0, 61210.0, 5.625, -2.25, 2.3125, 0.06, 0.01, 0.07, 0.0, 0.01, -0.0, 9.69, -17.56, -37.25, 
265.0, 61423.0, 5.625, -2.25, 2.3125, 0.05, 0.05, 0.1, -0.0, 0.02, 0.0, 13.69, -17.56, -37.56, 
266.0, 61632.0, 5.625, -2.25, 2.3125, 0.12, 0.05, 0.15, -0.0, -0.03, -0.0, 14.75, -17.19, -36.5, 
267.0, 61842.0, 5.625, -2.25, 2.3125, 0.1, 0.02, 0.04, 0.0, -0.01, 0.0, 8.56, -17.19, -35.56, 
268.0, 62052.0, 5.625, -2.25, 2.3125, 0.07, 0.03, 0.06, 0.0, -0.01, -0.0, 10.75, -17.19, -37.25, 
269.0, 62261.0, 5.625, -2.25, 2.3125, 0.11, 0.01, 0.11, 0.0, -0.0, 0.0, 8.56, -17.19, -37.25, 
270.0, 62473.0, 5.625, -2.25, 2.3125, 0.07, 0.01, 0.16, 0.0, 0.0, -0.0, 10.38, -17.19, -35.56, 
271.0, 62682.0, 5.625, -2.25, 2.3125, 0.08, 0.03, 0.09, 0.0, -0.0, 0.0, 13.0, -18.0, -36.75, 
272.0, 62892.0, 5.625, -2.25, 2.3125, 0.07, 0.03, 0.05, 0.0, 0.01, 0.0, 10.0, -18.0, -36.0, 
273.0, 63102.0, 5.625, -2.25, 2.3125, 0.09, 0.02, 0.07, -0.0, -0.01, -0.0, 11.19, -16.88, -36.75, 
274.0, 63310.0, 5.625, -2.25, 2.3125, 0.08, 0.03, 0.11, -0.01, 0.01, 0.0, 13.69, -16.5, -36.75, 
275.0, 63523.0, 5.625, -2.25, 2.3125, 0.08, 0.04, 0.1, 0.0, -0.01, -0.0, 12.69, -17.56, -36.5, 
276.0, 63732.0, 5.625, -2.25, 2.3125, 0.08, 0.03, 0.15, -0.0, 0.0, -0.0, 13.69, -17.19, -36.5, 
277.0, 63942.0, 5.625, -2.25, 2.3125, 0.06, 0.02, 0.01, -0.0, -0.0, -0.0, 10.38, -17.19, -36.75, 
278.0, 64151.0, 5.625, -2.25, 2.3125, 0.09, 0.04, 0.11, -0.01, -0.0, -0.0, 13.0, -17.56, -36.5, 
279.0, 64360.0, 5.625, -2.25, 2.3125, 0.05, 0.0, 0.12, 0.0, 0.0, 0.0, 13.25, -17.56, -37.25, 
280.0, 64572.0, 5.625, -2.25, 2.3125, 0.1, 0.05, 0.15, -0.01, -0.0, 0.0, 17.25, -7.38, -36.88, 
281.0, 64782.0, 5.625, -2.25, 2.3125, 0.1, 0.0, 0.12, 0.0, 0.01, 0.0, 13.56, -7.38, -35.75, 
282.0, 64991.0, 5.625, -2.25, 2.3125, 0.08, 0.03, 0.09, -0.0, 0.0, -0.0, 17.25, -6.25, -36.56, 
283.0, 65201.0, 5.625, -2.25, 2.3125, 0.11, 0.03, 0.07, -0.0, -0.0, -0.0, 11.75, -7.38, -35.25, 
284.0, 65410.0, 5.625, -2.25, 2.3125, 0.08, 0.0, 0.11, 0.0, -0.0, -0.0, 14.75, -6.56, -37.0, 
285.0, 65620.0, 5.625, -2.25, 2.3125, 0.08, 0.04, 0.14, -0.0, -0.01, -0.0, 12.88, -6.56, -36.06, 
286.0, 65832.0, 5.625, -2.25, 2.3125, 0.07, 0.0, 0.03, -0.0, 0.0, -0.0, 15.38, -6.56, -35.75, 
287.0, 66042.0, 5.625, -2.25, 2.3125, 0.09, 0.01, 0.01, 0.0, -0.02, -0.0, 15.38, -6.25, -36.88, 
288.0, 66251.0, 5.625, -2.3125, 2.3125, 0.09, 0.03, 0.09, -0.0, -0.01, -0.0, 14.75, -7.38, -35.75, 
289.0, 66460.0, 5.625, -2.25, 2.3125, 0.12, 0.02, 0.05, 0.0, 0.0, 0.0, 5.0, -4.69, -21.88, 
290.0, 66670.0, 5.625, -2.25, 2.3125, 0.06, 0.01, 0.14, -0.0, -0.02, -0.0, 10.88, -4.69, -21.06, 
291.0, 66882.0, 5.625, -2.25, 2.3125, 0.08, 0.01, 0.02, -0.0, -0.04, -0.0, 7.0, -3.75, -20.56, 
292.0, 67091.0, 5.625, -2.25, 2.3125, 0.07, 0.03, 0.07, 0.0, 0.01, 0.0, 12.5, -3.75, -21.75, 
293.0, 67301.0, 5.625, -2.25, 2.3125, 0.04, 0.0, 0.1, -0.0, 0.02, -0.0, 9.25, -3.75, -21.5, 
294.0, 67510.0, 5.625, -2.1875, 2.3125, 0.1, 0.05, 0.1, 0.0, -0.02, 0.0, 6.56, -3.38, -21.75, 
295.0, 67720.0, 5.625, -2.25, 2.3125, 0.07, 0.04, 0.12, 0.0, 0.01, 0.0, 9.56, -4.5, -21.75, 
296.0, 67932.0, 5.625, -2.25, 2.3125, 0.07, 0.01, 0.01, 0.0, -0.02, 0.0, 9.75, -3.69, -22.56, 
297.0, 68141.0, 5.625, -2.25, 2.3125, 0.1, 0.04, 0.05, 0.0, 0.0, 0.0, 8.0, -4.38, -21.0, 
298.0, 68350.0, 5.625, -2.25, 2.3125, 0.07, 0.01, 0.04, 0.0, -0.01, -0.0, 8.38, -4.38, -22.56, 
299.0, 68559.0, 5.625, -2.25, 2.3125, 0.08, 0.0, 0.11, 0.01, 0.01, 0.0, 9.88, -3.75, -21.88, 
300.0, 68770.0, 5.625, -2.25, 2.3125, 0.08, 0.04, 0.15, -0.0, -0.0, -0.0, 7.75, -3.75, -22.25, 
301.0, 68980.0, 5.625, -2.25, 2.3125, 0.09, 0.02, 0.1, 0.01, 0.01, -0.0, 10.69, -4.06, -21.5, 
302.0, 69192.0, 5.625, -2.25, 2.3125, 0.07, 0.03, 0.09, -0.0, -0.01, 0.0, 9.88, -3.75, -21.0, 
